100 30 10
1 12 1 5 1 1
0 1 3 3 1 2 1 5 2 3 4 2 4 4 2 5 5 4 3 5 1 4 4 3 3 1 3 2 1 1 3 1 5 5 4 1 4 3 3 2 5 3 1 2 4 5 5 1 2 5 5 3 2 3 3 1 2 4 5 3 2 2 4 1 4 3 1 1 3 3 4 3 3 3 2 5 2 1 4 4 3 4 4 1 2 1 3 1 3 4 3 1 3 2 2 3 4 4 1 4 
1 0 3 3 3 4 2 4 3 2 1 3 1 1 2 5 4 5 2 3 3 3 3 5 3 3 2 2 3 5 5 2 3 4 2 2 4 1 1 4 5 2 3 3 5 3 1 1 3 1 3 2 3 3 2 4 4 4 4 3 1 3 5 1 1 5 5 5 5 3 2 2 4 5 5 4 2 4 2 3 3 3 3 3 3 3 2 4 1 5 5 1 1 1 2 2 2 5 2 2 
3 3 0 1 1 2 5 2 4 4 4 4 5 2 1 1 2 4 5 3 4 4 3 5 4 5 3 1 2 5 1 5 1 4 5 3 4 2 3 1 2 4 1 2 5 4 4 3 2 1 5 4 4 4 2 5 1 3 5 1 5 4 1 4 2 4 5 2 1 1 3 2 4 1 1 1 3 3 2 3 3 1 1 4 2 4 4 3 5 2 5 1 3 3 3 3 1 3 5 1 
3 3 1 0 2 3 4 4 2 3 1 1 4 1 2 2 1 3 3 4 3 2 1 4 3 3 5 1 1 5 1 2 2 1 5 3 2 2 3 1 2 2 1 5 5 3 3 4 2 3 1 4 3 4 4 5 3 5 5 2 2 4 1 2 1 3 1 4 4 2 3 4 1 4 2 5 2 1 3 5 5 3 3 3 1 1 4 2 1 1 1 3 3 1 4 3 1 3 3 4 
1 3 1 2 0 1 4 3 3 1 1 5 1 1 3 5 4 1 2 1 5 2 5 3 5 3 1 3 4 1 5 3 1 1 2 3 1 1 4 4 5 2 2 3 3 1 5 2 3 1 1 3 2 2 1 4 2 5 4 5 3 2 4 4 2 3 4 1 3 4 1 3 1 1 1 2 1 5 4 4 4 5 3 2 5 4 3 5 4 3 3 2 4 5 1 4 2 5 4 3 
2 4 2 3 1 0 2 1 4 4 5 1 5 2 4 1 2 1 5 5 4 1 1 3 1 2 3 4 4 4 5 3 1 5 5 3 4 4 3 1 5 3 3 5 3 4 1 4 3 5 3 5 2 5 1 5 4 5 5 1 1 4 1 2 4 2 1 2 3 5 3 1 4 4 5 5 5 4 2 2 4 2 4 1 3 5 1 5 1 3 3 4 3 3 1 1 4 1 3 4 
1 2 5 4 4 2 0 2 3 5 5 5 4 5 2 1 5 1 5 4 3 4 2 1 4 5 1 4 5 2 3 4 1 3 1 3 2 4 2 3 3 5 3 5 1 2 4 1 4 5 1 3 3 5 5 4 2 1 1 3 1 3 3 1 3 1 5 5 1 3 3 3 3 5 5 3 3 4 1 5 2 2 1 4 5 4 3 4 1 5 1 2 1 2 5 3 1 2 3 4 
5 4 2 4 3 1 2 0 1 4 1 4 2 2 1 2 1 2 4 4 3 4 3 5 5 4 2 3 2 4 5 2 2 5 4 4 1 1 1 2 4 1 2 3 5 2 1 1 5 5 3 3 3 4 1 4 4 1 4 4 5 2 2 1 2 1 3 3 1 2 1 4 4 5 5 2 5 5 2 5 2 5 4 4 5 4 1 5 4 3 2 1 4 4 1 4 5 5 5 5 
2 3 4 2 3 4 3 1 0 3 3 4 2 3 2 4 4 4 1 3 3 1 5 4 2 5 4 4 3 2 4 3 5 1 2 3 4 4 4 5 1 4 4 5 5 2 3 4 5 5 4 4 4 4 5 5 4 5 3 3 5 5 4 5 5 5 1 5 3 1 3 4 4 4 3 2 1 4 1 5 1 5 3 2 1 5 2 3 4 1 2 3 4 4 2 5 5 2 5 5 
3 2 4 3 1 4 5 4 3 0 2 4 3 1 1 4 5 1 4 1 2 1 5 4 3 1 2 1 1 3 1 2 3 2 1 3 3 5 2 3 1 1 3 5 4 2 4 4 5 3 5 3 4 3 2 5 3 3 4 5 1 1 4 1 1 4 4 2 4 4 1 4 5 2 4 5 3 4 2 4 2 1 2 2 2 4 3 3 4 2 5 4 1 1 3 4 5 2 2 4 
4 1 4 1 1 5 5 1 3 2 0 3 3 1 2 5 2 5 4 1 3 5 5 1 5 4 2 1 5 3 4 1 4 3 2 1 1 4 3 4 3 4 2 3 2 2 4 1 4 3 3 4 2 3 2 2 2 5 5 4 4 5 4 5 2 1 4 3 1 1 4 5 1 4 2 3 2 2 3 2 4 3 3 2 4 4 2 5 3 4 3 2 5 1 4 3 3 3 5 3 
2 3 4 1 5 1 5 4 4 4 3 0 4 1 2 4 2 3 3 4 5 5 4 1 1 4 1 1 1 4 2 5 1 4 4 5 2 4 4 3 3 1 2 4 2 4 3 4 3 1 2 1 5 1 2 4 4 2 4 2 4 2 3 2 2 4 2 4 5 3 1 3 3 5 4 5 1 2 5 5 1 3 1 1 4 5 5 3 3 1 5 2 2 2 4 3 3 1 5 3 
4 1 5 4 1 5 4 2 2 3 3 4 0 4 1 3 3 3 1 1 5 3 4 1 2 5 5 4 5 3 4 3 2 1 1 2 2 5 5 5 1 1 2 3 3 4 5 4 1 2 5 4 5 4 5 4 3 4 4 5 3 3 4 5 4 4 1 1 1 1 1 1 2 1 1 3 1 5 2 1 3 2 5 5 2 2 5 3 1 4 1 4 5 3 5 5 4 1 3 2 
4 1 2 1 1 2 5 2 3 1 1 1 4 0 4 5 1 1 4 3 3 1 1 3 4 5 4 1 5 5 2 4 3 1 1 5 1 1 3 5 4 1 1 4 2 5 1 1 5 4 3 4 1 3 1 5 2 1 5 3 2 4 3 3 2 5 1 2 5 3 4 5 4 1 2 2 1 5 4 5 5 4 2 3 4 5 1 3 4 4 2 2 1 3 5 2 4 4 4 3 
2 2 1 2 3 4 2 1 2 1 2 2 1 4 0 4 5 5 3 4 1 5 3 4 2 5 1 5 2 3 4 2 2 2 2 3 4 3 1 4 5 5 4 2 5 3 3 2 4 3 4 1 4 3 1 3 3 4 4 5 3 5 4 1 4 5 3 5 5 1 2 2 1 4 2 2 5 4 4 4 3 3 1 3 2 1 3 4 4 5 2 5 4 5 3 5 4 3 1 3 
5 5 1 2 5 1 1 2 4 4 5 4 3 5 4 0 2 2 3 4 3 5 3 1 5 2 3 2 4 4 2 5 1 1 2 1 2 2 3 4 1 2 4 5 1 2 4 3 1 3 2 4 4 1 2 2 3 2 2 2 4 4 4 3 1 4 3 5 3 3 1 2 1 5 2 2 2 3 1 1 2 3 5 4 1 4 5 1 5 5 4 5 2 4 1 1 1 5 5 4 
5 4 2 1 4 2 5 1 4 5 2 2 3 1 5 2 0 1 1 4 3 5 3 3 3 1 5 4 1 4 4 1 4 2 3 1 5 1 3 4 3 4 5 5 2 4 2 1 1 5 4 4 2 3 3 2 4 3 5 2 2 1 4 2 2 4 2 3 3 1 4 5 5 1 1 1 4 5 2 1 3 5 3 2 2 4 1 5 5 2 2 3 5 3 2 4 1 1 1 2 
4 5 4 3 1 1 1 2 4 1 5 3 3 1 5 2 1 0 5 1 3 1 4 3 3 3 5 4 4 5 5 3 2 1 4 3 1 5 1 4 4 5 1 4 3 4 1 3 3 2 4 5 1 1 3 2 4 2 4 3 4 5 5 5 2 5 2 3 1 3 2 3 2 2 3 4 3 4 4 5 4 2 1 3 4 2 2 3 2 2 2 1 5 2 3 3 5 2 5 4 
3 2 5 3 2 5 5 4 1 4 4 3 1 4 3 3 1 5 0 3 5 3 4 4 2 4 2 4 1 4 1 1 1 2 1 2 4 2 2 1 1 5 5 4 3 4 1 4 1 2 5 5 5 4 5 3 4 3 3 5 5 4 3 4 4 2 1 4 5 3 3 5 1 5 4 3 5 5 4 4 4 2 1 1 1 3 1 3 2 4 1 4 3 2 5 4 2 1 2 4 
5 3 3 4 1 5 4 4 3 1 1 4 1 3 4 4 4 1 3 0 5 1 5 1 4 1 2 5 4 3 1 1 2 5 1 2 2 2 3 4 3 4 5 5 4 2 1 5 1 1 5 4 5 5 3 2 1 1 2 4 5 1 5 1 2 3 5 3 3 3 2 2 5 2 5 3 4 2 2 4 5 5 1 1 4 4 4 3 4 2 2 2 2 3 2 2 1 5 3 3 
1 3 4 3 5 4 3 3 3 2 3 5 5 3 1 3 3 3 5 5 0 4 3 4 5 1 2 2 3 4 3 4 3 1 1 3 1 3 2 1 1 5 4 3 4 4 2 3 2 3 3 2 5 2 1 1 3 4 2 4 1 5 1 5 5 1 1 1 4 3 2 2 3 4 5 5 4 3 2 4 1 2 1 5 1 5 2 1 3 1 3 3 2 4 3 5 2 2 3 4 
4 3 4 2 2 1 4 4 1 1 5 5 3 1 5 5 5 1 3 1 4 0 3 4 1 2 5 1 3 4 5 2 4 5 1 4 2 3 5 4 4 3 4 1 5 1 3 2 4 3 4 1 4 1 3 1 5 1 5 2 3 1 5 3 3 1 3 5 4 1 2 5 1 3 4 2 5 4 5 3 5 4 2 3 4 2 2 1 5 1 3 3 5 4 2 2 4 4 3 3 
4 3 3 1 5 1 2 3 5 5 5 4 4 1 3 3 3 4 4 5 3 3 0 4 2 5 3 1 2 2 2 5 1 2 2 1 2 3 5 1 4 3 2 2 3 4 3 2 2 3 1 3 1 2 3 1 3 4 3 4 2 2 4 4 5 2 2 5 3 1 4 1 3 2 1 5 3 2 1 5 5 2 4 2 1 3 3 1 2 1 2 3 4 3 1 1 3 5 1 5 
3 5 5 4 3 3 1 5 4 4 1 1 1 3 4 1 3 3 4 1 4 4 4 0 2 4 2 4 3 3 1 5 1 3 3 5 1 3 2 2 4 4 2 2 3 2 3 1 2 4 5 5 3 4 1 4 1 3 2 4 4 5 5 4 4 2 5 2 2 5 4 5 4 4 3 1 1 2 1 3 4 5 3 2 5 3 1 4 1 2 1 4 3 4 5 4 5 1 4 4 
3 3 4 3 5 1 4 5 2 3 5 1 2 4 2 5 3 3 2 4 5 1 2 2 0 3 1 1 5 2 3 3 3 2 3 3 1 2 3 1 4 1 2 1 1 4 4 1 3 2 3 5 3 1 1 2 2 1 1 1 5 2 1 4 1 2 5 5 5 3 5 3 3 2 4 5 3 3 2 1 1 5 2 1 1 3 4 4 1 1 1 2 3 4 2 3 5 5 2 4 
1 3 5 3 3 2 5 4 5 1 4 4 5 5 5 2 1 3 4 1 1 2 5 4 3 0 1 3 5 4 2 5 4 3 2 3 3 4 5 1 2 2 1 1 3 4 2 1 2 5 5 4 3 1 3 2 5 2 3 1 2 4 5 5 4 5 4 4 1 1 3 5 4 2 1 3 2 3 1 3 4 1 3 2 1 3 3 5 4 5 2 3 3 3 1 3 2 5 2 1 
3 2 3 5 1 3 1 2 4 2 2 1 5 4 1 3 5 5 2 2 2 5 3 2 1 1 0 4 4 1 2 3 1 5 1 2 2 5 5 2 5 2 5 4 1 3 5 5 3 1 5 1 5 2 1 1 5 5 4 3 1 5 1 2 1 3 4 3 5 5 4 2 1 4 5 1 3 4 5 3 5 1 3 5 5 5 5 3 1 4 5 4 4 3 4 1 1 5 2 2 
2 2 1 1 3 4 4 3 4 1 1 1 4 1 5 2 4 4 4 5 2 1 1 4 1 3 4 0 2 2 4 5 4 5 4 4 2 1 3 2 3 5 5 5 4 4 4 3 2 2 1 4 2 5 3 1 3 1 4 3 3 2 4 3 1 1 1 4 2 2 4 3 5 1 3 1 3 2 4 1 1 1 4 4 5 2 2 3 3 3 1 3 1 2 3 1 4 2 5 1 
1 3 2 1 4 4 5 2 3 1 5 1 5 5 2 4 1 4 1 4 3 3 2 3 5 5 4 2 0 1 4 5 4 1 1 5 5 5 4 3 1 5 2 1 3 5 4 5 1 4 5 2 1 4 3 4 4 3 4 5 5 5 2 5 4 4 3 3 2 2 4 1 3 3 4 2 3 4 2 3 4 4 2 5 4 5 2 1 2 1 1 2 5 2 4 1 1 1 4 2 
1 5 5 5 1 4 2 4 2 3 3 4 3 5 3 4 4 5 4 3 4 4 2 3 2 4 1 2 1 0 1 2 1 4 5 3 4 1 5 2 1 3 5 5 2 5 5 3 3 1 4 2 2 4 5 3 5 3 5 4 4 4 3 3 3 2 5 2 4 1 2 4 1 4 4 5 5 3 1 3 2 2 4 4 1 5 1 5 2 2 3 5 1 2 5 4 4 2 5 1 
3 5 1 1 5 5 3 5 4 1 4 2 4 2 4 2 4 5 1 1 3 5 2 1 3 2 2 4 4 1 0 5 5 3 1 3 5 3 5 3 1 5 4 2 2 3 4 2 5 3 3 5 5 5 1 3 3 1 5 2 3 2 1 4 1 3 2 2 5 1 4 4 2 5 5 3 1 1 3 4 2 3 5 1 4 1 4 3 1 5 1 1 5 1 2 5 1 5 5 5 
1 2 5 2 3 3 4 2 3 2 1 5 3 4 2 5 1 3 1 1 4 2 5 5 3 5 3 5 5 2 5 0 3 3 1 3 3 5 4 4 5 3 4 4 3 5 1 3 5 3 4 4 2 1 2 2 1 3 1 4 1 3 1 4 4 4 2 1 5 5 2 2 3 3 2 2 3 2 5 4 5 1 4 4 1 2 2 5 5 5 2 1 2 4 3 1 1 4 4 5 
5 3 1 2 1 1 1 2 5 3 4 1 2 3 2 1 4 2 1 2 3 4 1 1 3 4 1 4 4 1 5 3 0 1 3 5 3 3 4 3 2 1 2 2 3 2 4 2 3 1 1 5 2 2 3 2 4 1 2 5 1 4 4 5 4 4 3 5 3 5 3 4 1 4 3 2 4 2 2 1 5 2 2 4 5 1 1 5 3 5 1 1 3 1 3 3 1 1 5 1 
5 4 4 1 1 5 3 5 1 2 3 4 1 1 2 1 2 1 2 5 1 5 2 3 2 3 5 5 1 4 3 3 1 0 3 2 5 2 2 3 2 3 2 4 2 1 2 3 5 3 5 3 5 1 2 5 2 1 2 1 4 4 2 5 4 2 4 3 4 5 2 3 3 2 3 5 4 5 3 4 4 3 4 3 2 4 4 4 1 5 3 2 2 3 5 1 1 4 3 4 
4 2 5 5 2 5 1 4 2 1 2 4 1 1 2 2 3 4 1 1 1 1 2 3 3 2 1 4 1 5 1 1 3 3 0 2 1 4 5 2 4 5 5 1 5 1 2 5 1 4 2 3 3 3 1 4 3 1 5 2 4 2 1 3 3 1 5 5 2 3 4 2 5 4 1 1 1 3 3 3 1 2 3 1 1 2 5 4 2 1 3 5 1 5 5 5 5 1 1 3 
1 2 3 3 3 3 3 4 3 3 1 5 2 5 3 1 1 3 2 2 3 4 1 5 3 3 2 4 5 3 3 3 5 2 2 0 5 1 3 4 3 5 1 3 3 5 4 4 2 2 2 3 2 1 3 1 4 2 5 4 2 4 5 2 4 5 3 5 2 1 4 2 3 3 4 4 1 1 5 3 1 2 5 4 3 2 2 5 2 5 2 5 4 1 4 5 5 2 1 4 
4 4 4 2 1 4 2 1 4 3 1 2 2 1 4 2 5 1 4 2 1 2 2 1 1 3 2 2 5 4 5 3 3 5 1 5 0 2 4 3 5 4 4 2 5 4 3 3 5 5 1 2 3 3 1 2 1 1 2 5 4 2 4 1 2 1 4 2 5 1 4 4 5 1 3 1 5 3 1 5 3 4 3 1 3 1 1 1 4 1 2 5 1 3 3 3 5 2 5 2 
3 1 2 2 1 4 4 1 4 5 4 4 5 1 3 2 1 5 2 2 3 3 3 3 2 4 5 1 5 1 3 5 3 2 4 1 2 0 5 4 1 1 2 4 3 5 1 1 4 1 4 3 4 3 5 1 2 3 5 5 2 1 5 4 3 1 4 4 1 5 3 5 4 2 4 2 3 2 3 4 5 3 1 1 1 1 4 3 5 5 1 3 4 1 5 5 2 2 4 5 
3 1 3 3 4 3 2 1 4 2 3 4 5 3 1 3 3 1 2 3 2 5 5 2 3 5 5 3 4 5 5 4 4 2 5 3 4 5 0 3 5 4 3 5 2 4 2 3 1 4 4 4 3 1 4 3 5 3 1 2 4 5 4 1 5 2 4 2 4 4 4 1 3 3 4 3 1 4 2 5 5 1 5 4 3 4 2 4 4 1 1 4 4 1 5 4 3 2 3 2 
2 4 1 1 4 1 3 2 5 3 4 3 5 5 4 4 4 4 1 4 1 4 1 2 1 1 2 2 3 2 3 4 3 3 2 4 3 4 3 0 4 4 3 4 5 2 2 4 2 5 1 5 4 4 5 3 3 4 1 5 1 3 5 3 5 4 3 4 2 4 4 1 1 1 1 5 3 2 5 1 2 3 1 1 3 3 4 2 4 2 2 5 2 2 5 3 5 2 4 1 
5 5 2 2 5 5 3 4 1 1 3 3 1 4 5 1 3 4 1 3 1 4 4 4 4 2 5 3 1 1 1 5 2 2 4 3 5 1 5 4 0 1 4 4 1 4 1 1 4 2 5 1 5 3 4 2 3 2 3 1 1 5 1 4 1 2 5 2 3 4 4 5 4 5 5 3 1 3 5 3 5 5 4 3 3 4 4 5 1 5 3 4 3 1 4 4 5 5 5 3 
3 2 4 2 2 3 5 1 4 1 4 1 1 1 5 2 4 5 5 4 5 3 3 4 1 2 2 5 5 3 5 3 1 3 5 5 4 1 4 4 1 0 4 3 5 4 1 2 2 2 3 3 3 4 4 2 2 5 2 3 5 1 4 2 3 2 1 3 2 1 1 1 4 5 5 2 5 2 4 3 5 2 4 4 5 2 4 3 1 4 4 2 4 1 4 4 4 4 1 5 
1 3 1 1 2 3 3 2 4 3 2 2 2 1 4 4 5 1 5 5 4 4 2 2 2 1 5 5 2 5 4 4 2 2 5 1 4 2 3 3 4 4 0 3 3 4 3 1 3 1 2 5 1 1 4 5 2 1 5 5 4 4 2 5 5 4 2 4 2 2 3 2 4 4 2 5 2 2 4 5 2 1 2 5 4 2 3 2 5 3 3 2 3 5 1 4 2 4 2 5 
2 3 2 5 3 5 5 3 5 5 3 4 3 4 2 5 5 4 4 5 3 1 2 2 1 1 4 5 1 5 2 4 2 4 1 3 2 4 5 4 4 3 3 0 1 1 2 1 3 3 2 3 3 1 3 3 5 4 1 2 2 3 4 4 3 4 5 1 5 4 1 4 5 2 2 4 5 2 5 5 1 4 5 4 1 4 1 3 1 3 4 5 1 5 2 5 4 2 2 2 
4 5 5 5 3 3 1 5 5 4 2 2 3 2 5 1 2 3 3 4 4 5 3 3 1 3 1 4 3 2 2 3 3 2 5 3 5 3 2 5 1 5 3 1 0 4 2 2 4 3 1 1 5 3 1 3 4 5 1 3 1 4 5 3 2 3 5 2 2 3 1 5 2 5 4 5 2 2 1 2 4 2 3 2 4 4 4 3 4 5 5 4 1 3 2 2 4 2 4 4 
5 3 4 3 1 4 2 2 2 2 2 4 4 5 3 2 4 4 4 2 4 1 4 2 4 4 3 4 5 5 3 5 2 1 1 5 4 5 4 2 4 4 4 1 4 0 5 1 1 4 5 5 4 5 2 1 3 5 2 4 5 2 3 3 1 2 4 1 2 1 2 1 2 3 2 3 1 1 1 4 1 2 3 4 3 4 1 5 2 4 4 1 5 3 3 2 3 4 1 5 
5 1 4 3 5 1 4 1 3 4 4 3 5 1 3 4 2 1 1 1 2 3 3 3 4 2 5 4 4 5 4 1 4 2 2 4 3 1 2 2 1 1 3 2 2 5 0 1 5 2 5 3 3 5 4 4 1 1 4 1 2 3 3 2 1 5 5 2 3 2 3 3 4 5 3 2 3 1 5 4 1 5 4 2 5 2 1 4 4 1 2 1 3 2 5 3 3 5 2 3 
1 1 3 4 2 4 1 1 4 4 1 4 4 1 2 3 1 3 4 5 3 2 2 1 1 1 5 3 5 3 2 3 2 3 5 4 3 1 3 4 1 2 1 1 2 1 1 0 1 4 5 2 2 3 5 1 4 4 1 2 4 3 1 1 3 5 2 3 3 1 1 3 1 1 1 1 3 4 3 1 4 5 3 4 3 5 2 4 1 3 4 1 2 3 4 4 1 4 4 3 
2 3 2 2 3 3 4 5 5 5 4 3 1 5 4 1 1 3 1 1 2 4 2 2 3 2 3 2 1 3 5 5 3 5 1 2 5 4 1 2 4 2 3 3 4 1 5 1 0 5 4 3 3 2 3 1 4 5 4 1 1 3 3 1 1 4 5 5 5 5 1 5 4 4 3 4 3 5 5 5 4 3 2 2 4 5 4 4 2 3 4 2 3 3 2 3 5 4 2 1 
5 1 1 3 1 5 5 5 5 3 3 1 2 4 3 3 5 2 2 1 3 3 3 4 2 5 1 2 4 1 3 3 1 3 4 2 5 1 4 5 2 2 1 3 3 4 2 4 5 0 2 3 5 5 5 3 5 2 2 2 5 4 4 1 2 1 2 3 1 3 1 2 1 2 3 2 4 1 1 5 5 3 5 1 1 5 5 4 4 1 5 3 2 2 4 1 5 4 3 4 
5 3 5 1 1 3 1 3 4 5 3 2 5 3 4 2 4 4 5 5 3 4 1 5 3 5 5 1 5 4 3 4 1 5 2 2 1 4 4 1 5 3 2 2 1 5 5 5 4 2 0 1 4 4 3 5 4 1 2 2 1 3 5 5 3 5 5 3 1 4 2 5 4 4 1 1 4 3 4 2 5 3 2 2 1 4 5 1 5 4 1 1 2 1 4 1 3 4 2 4 
3 2 4 4 3 5 3 3 4 3 4 1 4 4 1 4 4 5 5 4 2 1 3 5 5 4 1 4 2 2 5 4 5 3 3 3 2 3 4 5 1 3 5 3 1 5 3 2 3 3 1 0 5 3 1 4 4 4 4 2 4 3 2 4 2 5 5 2 1 2 2 5 5 2 4 4 5 5 1 2 4 1 5 4 4 2 4 3 1 1 5 3 2 4 1 1 3 1 5 3 
2 3 4 3 2 2 3 3 4 4 2 5 5 1 4 4 2 1 5 5 5 4 1 3 3 3 5 2 1 2 5 2 2 5 3 2 3 4 3 4 5 3 1 3 5 4 3 2 3 5 4 5 0 4 2 3 5 4 2 1 5 3 3 5 4 4 1 4 2 5 2 2 2 3 5 1 4 4 3 2 3 5 3 1 4 3 5 3 5 1 5 3 5 5 5 1 5 1 2 4 
3 3 4 4 2 5 5 4 4 3 3 1 4 3 3 1 3 1 4 5 2 1 2 4 1 1 2 5 4 4 5 1 2 1 3 1 3 3 1 4 3 4 1 1 3 5 5 3 2 5 4 3 4 0 1 3 3 2 4 2 3 3 1 1 5 3 4 3 3 1 2 2 4 4 4 2 5 4 1 1 3 5 1 5 5 1 1 4 1 5 1 3 3 5 1 4 5 4 5 4 
3 2 2 4 1 1 5 1 5 2 2 2 5 1 1 2 3 3 5 3 1 3 3 1 1 3 1 3 3 5 1 2 3 2 1 3 1 5 4 5 4 4 4 3 1 2 4 5 3 5 3 1 2 1 0 5 1 5 4 5 1 2 1 1 3 3 3 2 3 4 4 2 3 1 5 5 3 5 3 4 2 2 5 3 1 4 1 2 3 4 4 2 2 4 3 2 1 3 5 4 
1 4 5 5 4 5 4 4 5 5 2 4 4 5 3 2 2 2 3 2 1 1 1 4 2 2 1 1 4 3 3 2 2 5 4 1 2 1 3 3 2 2 5 3 3 1 4 1 1 3 5 4 3 3 5 0 2 5 4 3 3 3 4 3 2 1 3 3 4 4 3 2 3 2 4 1 2 5 5 5 3 4 2 5 1 2 5 5 1 5 3 5 4 5 4 1 5 3 1 4 
2 4 1 3 2 4 2 4 4 3 2 4 3 2 3 3 4 4 4 1 3 5 3 1 2 5 5 3 4 5 3 1 4 2 3 4 1 2 5 3 3 2 2 5 4 3 1 4 4 5 4 4 5 3 1 2 0 2 2 2 5 1 4 5 4 2 3 4 1 1 2 3 2 5 1 1 3 1 3 4 5 5 2 3 3 5 2 3 3 1 5 4 5 4 4 5 5 2 3 2 
4 4 3 5 5 5 1 1 5 3 5 2 4 1 4 2 3 2 3 1 4 1 4 3 1 2 5 1 3 3 1 3 1 1 1 2 1 3 3 4 2 5 1 4 5 5 1 4 5 2 1 4 4 2 5 5 2 0 1 3 1 5 4 3 5 2 2 3 2 4 5 1 4 3 1 2 1 2 1 1 2 3 5 3 2 1 1 5 4 4 4 5 1 3 2 3 5 2 2 2 
5 4 5 5 4 5 1 4 3 4 5 4 4 5 4 2 5 4 3 2 2 5 3 2 1 3 4 4 4 5 5 1 2 2 5 5 2 5 1 1 3 2 5 1 1 2 4 1 4 2 2 4 2 4 4 4 2 1 0 4 4 3 1 4 4 5 1 5 2 5 1 3 4 1 3 2 3 4 3 3 5 4 1 1 5 3 5 3 3 1 2 2 2 5 5 5 2 4 1 4 
3 3 1 2 5 1 3 4 3 5 4 2 5 3 5 2 2 3 5 4 4 2 4 4 1 1 3 3 5 4 2 4 5 1 2 4 5 5 2 5 1 3 5 2 3 4 1 2 1 2 2 2 1 2 5 3 2 3 4 0 2 4 5 2 3 3 3 1 1 3 1 3 4 4 1 2 5 3 3 1 5 5 3 5 3 1 1 1 4 5 4 4 2 4 2 1 1 2 4 4 
2 1 5 2 3 1 1 5 5 1 4 4 3 2 3 4 2 4 5 5 1 3 2 4 5 2 1 3 5 4 3 1 1 4 4 2 4 2 4 1 1 5 4 2 1 5 2 4 1 5 1 4 5 3 1 3 5 1 4 2 0 3 3 1 5 3 2 4 5 3 4 1 1 3 4 2 4 4 3 1 2 3 2 2 3 5 4 5 4 1 1 4 4 1 4 2 3 3 2 2 
2 3 4 4 2 4 3 2 5 1 5 2 3 4 5 4 1 5 4 1 5 1 2 5 2 4 5 2 5 4 2 3 4 4 2 4 2 1 5 3 5 1 4 3 4 2 3 3 3 4 3 3 3 3 2 3 1 5 3 4 3 0 2 1 5 1 1 5 2 4 3 1 5 1 5 2 4 4 3 1 1 3 2 3 4 4 4 5 2 1 3 3 5 4 3 5 3 4 5 3 
4 5 1 1 4 1 3 2 4 4 4 3 4 3 4 4 4 5 3 5 1 5 4 5 1 5 1 4 2 3 1 1 4 2 1 5 4 5 4 5 1 4 2 4 5 3 3 1 3 4 5 2 3 1 1 4 4 4 1 5 3 2 0 5 5 1 3 1 2 3 2 3 2 4 5 5 1 1 5 4 3 4 5 5 4 4 5 1 4 3 5 1 1 1 3 1 2 2 1 3 
1 1 4 2 4 2 1 1 5 1 5 2 5 3 1 3 2 5 4 1 5 3 4 4 4 5 2 3 5 3 4 4 5 5 3 2 1 4 1 3 4 2 5 4 3 3 2 1 1 1 5 4 5 1 1 3 5 3 4 2 1 1 5 0 5 2 2 4 4 5 2 1 4 1 1 4 4 2 3 1 2 5 3 5 5 4 4 5 4 3 2 3 1 5 1 2 5 3 1 5 
4 1 2 1 2 4 3 2 5 1 2 2 4 2 4 1 2 2 4 2 5 3 5 4 1 4 1 1 4 3 1 4 4 4 3 4 2 3 5 5 1 3 5 3 2 1 1 3 1 2 3 2 4 5 3 2 4 5 4 3 5 5 5 5 0 2 5 5 3 3 5 4 5 2 1 1 4 2 2 2 1 3 1 4 1 3 5 2 5 1 3 2 2 2 1 4 2 4 3 4 
3 5 4 3 3 2 1 1 5 4 1 4 4 5 5 4 4 5 2 3 1 1 2 2 2 5 3 1 4 2 3 4 4 2 1 5 1 1 2 4 2 2 4 4 3 2 5 5 4 1 5 5 4 3 3 1 2 2 5 3 3 1 1 2 2 0 1 2 5 1 1 1 1 2 5 1 4 3 5 3 1 2 3 2 5 5 5 2 4 4 5 3 4 1 3 5 1 1 1 2 
1 5 5 1 4 1 5 3 1 4 4 2 1 1 3 3 2 2 1 5 1 3 2 5 5 4 4 1 3 5 2 2 3 4 5 3 4 4 4 3 5 1 2 5 5 4 5 2 5 2 5 5 1 4 3 3 3 2 1 3 2 1 3 2 5 1 0 3 2 5 4 2 5 1 3 1 4 5 2 1 4 2 1 1 1 5 4 3 1 1 5 1 5 2 1 1 1 1 1 2 
1 5 2 4 1 2 5 3 5 2 3 4 1 2 5 5 3 3 4 3 1 5 5 2 5 4 3 4 3 2 2 1 5 3 5 5 2 4 2 4 2 3 4 1 2 1 2 3 5 3 3 2 4 3 2 3 4 3 5 1 4 5 1 4 5 2 3 0 2 4 5 5 5 2 4 2 5 5 3 4 4 1 5 5 1 2 2 1 3 1 2 2 3 2 4 4 2 5 5 4 
3 5 1 4 3 3 1 1 3 4 1 5 1 5 5 3 3 1 5 3 4 4 3 2 5 1 5 2 2 4 5 5 3 4 2 2 5 1 4 2 3 2 2 5 2 2 3 3 5 1 1 1 2 3 3 4 1 2 2 1 5 2 2 4 3 5 2 2 0 4 1 3 4 2 2 1 5 5 3 5 5 1 5 2 4 1 4 4 2 5 5 1 4 2 2 4 2 2 1 2 
3 3 1 2 4 5 3 2 1 4 1 3 1 3 1 3 1 3 3 3 3 1 1 5 3 1 5 2 2 1 1 5 5 5 3 1 1 5 4 4 4 1 2 4 3 1 2 1 5 3 4 2 5 1 4 4 1 4 5 3 3 4 3 5 3 1 5 4 4 0 3 3 1 3 1 2 3 2 5 4 3 1 5 4 4 3 1 4 5 5 4 1 4 1 2 2 3 4 5 5 
4 2 3 3 1 3 3 1 3 1 4 1 1 4 2 1 4 2 3 2 2 2 4 4 5 3 4 4 4 2 4 2 3 2 4 4 4 3 4 4 4 1 3 1 1 2 3 1 1 1 2 2 2 2 4 3 2 5 1 1 4 3 2 2 5 1 4 5 1 3 0 1 2 2 3 5 5 4 1 1 2 2 1 2 4 5 3 2 1 5 1 1 5 3 4 2 1 1 4 4 
3 2 2 4 3 1 3 4 4 4 5 3 1 5 2 2 5 3 5 2 2 5 1 5 3 5 2 3 1 4 4 2 4 3 2 2 4 5 1 1 5 1 2 4 5 1 3 3 5 2 5 5 2 2 2 2 3 1 3 3 1 1 3 1 4 1 2 5 3 3 1 0 4 3 3 1 1 5 5 5 1 3 1 1 3 4 5 3 2 3 4 2 4 3 3 2 3 2 2 5 
3 4 4 1 1 4 3 4 4 5 1 3 2 4 1 1 5 2 1 5 3 1 3 4 3 4 1 5 3 1 2 3 1 3 5 3 5 4 3 1 4 4 4 5 2 2 4 1 4 1 4 5 2 4 3 3 2 4 4 4 1 5 2 4 5 1 5 5 4 1 2 4 0 2 3 2 5 5 2 3 4 2 1 4 3 5 4 5 1 4 5 5 1 5 5 4 1 5 2 4 
3 5 1 4 1 4 5 5 4 2 4 5 1 1 4 5 1 2 5 2 4 3 2 4 2 2 4 1 3 4 5 3 4 2 4 3 1 2 3 1 5 5 4 2 5 3 5 1 4 2 4 2 3 4 1 2 5 3 1 4 3 1 4 1 2 2 1 2 2 3 2 3 2 0 4 5 4 2 2 3 1 5 1 4 3 2 1 3 4 5 1 5 3 5 3 1 4 3 4 3 
2 5 1 2 1 5 5 5 3 4 2 4 1 2 2 2 1 3 4 5 5 4 1 3 4 1 5 3 4 4 5 2 3 3 1 4 3 4 4 1 5 5 2 2 4 2 3 1 3 3 1 4 5 4 5 4 1 1 3 1 4 5 5 1 1 5 3 4 2 1 3 3 3 4 0 4 1 4 4 1 5 5 5 3 4 3 1 5 1 2 4 5 1 1 5 5 3 4 1 1 
5 4 1 5 2 5 3 2 2 5 3 5 3 2 2 2 1 4 3 3 5 2 5 1 5 3 1 1 2 5 3 2 2 5 1 4 1 2 3 5 3 2 5 4 5 3 2 1 4 2 1 4 1 2 5 1 1 2 2 2 2 2 5 4 1 1 1 2 1 2 5 1 2 5 4 0 4 4 2 4 4 4 5 3 5 5 2 4 1 3 1 3 3 3 1 1 1 4 2 5 
2 2 3 2 1 5 3 5 1 3 2 1 1 1 5 2 4 3 5 4 4 5 3 1 3 2 3 3 3 5 1 3 4 4 1 1 5 3 1 3 1 5 2 5 2 1 3 3 3 4 4 5 4 5 3 2 3 1 3 5 4 4 1 4 4 4 4 5 5 3 5 1 5 4 1 4 0 4 5 4 4 3 1 1 4 4 1 1 2 4 5 1 3 3 5 2 1 2 4 2 
1 4 3 1 5 4 4 5 4 4 2 2 5 5 4 3 5 4 5 2 3 4 2 2 3 3 4 2 4 3 1 2 2 5 3 1 3 2 4 2 3 2 2 2 2 1 1 4 5 1 3 5 4 4 5 5 1 2 4 3 4 4 1 2 2 3 5 5 5 2 4 5 5 2 4 4 4 0 1 2 5 3 3 5 5 5 1 4 2 5 1 1 2 2 1 5 3 3 3 2 
4 2 2 3 4 2 1 2 1 2 3 5 2 4 4 1 2 4 4 2 2 5 1 1 2 1 5 4 2 1 3 5 2 3 3 5 1 3 2 5 5 4 4 5 1 1 5 3 5 1 4 1 3 1 3 5 3 1 3 3 3 3 5 3 2 5 2 3 3 5 1 5 2 2 4 2 5 1 0 1 5 1 5 3 5 4 4 4 5 3 3 4 5 1 2 5 4 4 5 1 
4 3 3 5 4 2 5 5 5 4 2 5 1 5 4 1 1 5 4 4 4 3 5 3 1 3 3 1 3 3 4 4 1 4 3 3 5 4 5 1 3 3 5 5 2 4 4 1 5 5 2 2 2 1 4 5 4 1 3 1 1 1 4 1 2 3 1 4 5 4 1 5 3 3 1 4 4 2 1 0 2 2 2 1 5 3 5 3 2 1 4 4 1 2 3 4 1 3 2 3 
3 3 3 5 4 4 2 2 1 2 4 1 3 5 3 2 3 4 4 5 1 5 5 4 1 4 5 1 4 2 2 5 5 4 1 1 3 5 5 2 5 5 2 1 4 1 1 4 4 5 5 4 3 3 2 3 5 2 5 5 2 1 3 2 1 1 4 4 5 3 2 1 4 1 5 4 4 5 5 2 0 5 3 2 5 4 1 5 2 1 4 4 4 2 1 2 2 4 5 2 
4 3 1 3 5 2 2 5 5 1 3 3 2 4 3 3 5 2 2 5 2 4 2 5 5 1 1 1 4 2 3 1 2 3 2 2 4 3 1 3 5 2 1 4 2 2 5 5 3 3 3 1 5 5 2 4 5 3 4 5 3 3 4 5 3 2 2 1 1 1 2 3 2 5 5 4 3 3 1 2 5 0 3 2 2 5 2 3 1 5 2 2 3 1 5 5 1 1 4 4 
4 3 1 3 3 4 1 4 3 2 3 1 5 2 1 5 3 1 1 1 1 2 4 3 2 3 3 4 2 4 5 4 2 4 3 5 3 1 5 1 4 4 2 5 3 3 4 3 2 5 2 5 3 1 5 2 2 5 1 3 2 2 5 3 1 3 1 5 5 5 1 1 1 1 5 5 1 3 5 2 3 3 0 2 2 5 5 1 2 2 2 1 1 5 5 2 3 5 2 2 
1 3 4 3 2 1 4 4 2 2 2 1 5 3 3 4 2 3 1 1 5 3 2 2 1 2 5 4 5 4 1 4 4 3 1 4 1 1 4 1 3 4 5 4 2 4 2 4 2 1 2 4 1 5 3 5 3 3 1 5 2 3 5 5 4 2 1 5 2 4 2 1 4 4 3 3 1 5 3 1 2 2 2 0 2 5 4 4 3 5 3 5 1 5 2 2 5 2 5 2 
2 3 2 1 5 3 5 5 1 2 4 4 2 4 2 1 2 4 1 4 1 4 1 5 1 1 5 5 4 1 4 1 5 2 1 3 3 1 3 3 3 5 4 1 4 3 5 3 4 1 1 4 4 5 1 1 3 2 5 3 3 4 4 5 1 5 1 1 4 4 4 3 3 3 4 5 4 5 5 5 5 2 2 2 0 5 4 1 5 3 4 4 5 1 2 2 3 3 5 5 
1 3 4 1 4 5 4 4 5 4 4 5 2 5 1 4 4 2 3 4 5 2 3 3 3 3 5 2 5 5 1 2 1 4 2 2 1 1 4 3 4 2 2 4 4 4 2 5 5 5 4 2 3 1 4 2 5 1 3 1 5 4 4 4 3 5 5 2 1 3 5 4 5 2 3 5 4 5 4 3 4 5 5 5 5 0 3 4 4 5 4 3 2 1 5 5 1 4 1 4 
3 2 4 4 3 1 3 1 2 3 2 5 5 1 3 5 1 2 1 4 2 2 3 1 4 3 5 2 2 1 4 2 1 4 5 2 1 4 2 4 4 4 3 1 4 1 1 2 4 5 5 4 5 1 1 5 2 1 5 1 4 4 5 4 5 5 4 2 4 1 3 5 4 1 1 2 1 1 4 5 1 2 5 4 4 3 0 4 5 3 5 1 1 2 5 5 1 3 3 5 
1 4 3 2 5 5 4 5 3 3 5 3 3 3 4 1 5 3 3 3 1 1 1 4 4 5 3 3 1 5 3 5 5 4 4 5 1 3 4 2 5 3 2 3 3 5 4 4 4 4 1 3 3 4 2 5 3 5 3 1 5 5 1 5 2 2 3 1 4 4 2 3 5 3 5 4 1 4 4 3 5 3 1 4 1 4 4 0 5 1 3 5 3 5 1 2 4 5 3 4 
3 1 5 1 4 1 1 4 4 4 3 3 1 4 4 5 5 2 2 4 3 5 2 1 1 4 1 3 2 2 1 5 3 1 2 2 4 5 4 4 1 1 5 1 4 2 4 1 2 4 5 1 5 1 3 1 3 4 3 4 4 2 4 4 5 4 1 3 2 5 1 2 1 4 1 1 2 2 5 2 2 1 2 3 5 4 5 5 0 3 2 3 3 3 4 2 3 1 5 1 
4 5 2 1 3 3 5 3 1 2 4 1 4 4 5 5 2 2 4 2 1 1 1 2 1 5 4 3 1 2 5 5 5 5 1 5 1 5 1 2 5 4 3 3 5 4 1 3 3 1 4 1 1 5 4 5 1 4 1 5 1 1 3 3 1 4 1 1 5 5 5 3 4 5 2 3 4 5 3 1 1 5 2 5 3 5 3 1 3 0 3 3 1 2 4 2 1 3 3 3 
3 5 5 1 3 3 1 2 2 5 3 5 1 2 2 4 2 2 1 2 3 3 2 1 1 2 5 1 1 3 1 2 1 3 3 2 2 1 1 2 3 4 3 4 5 4 2 4 4 5 1 5 5 1 4 3 5 4 2 4 1 3 5 2 3 5 5 2 5 4 1 4 5 1 4 1 5 1 3 4 4 2 2 3 4 4 5 3 2 3 0 5 3 3 4 2 4 4 4 5 
1 1 1 3 2 4 2 1 3 4 2 2 4 2 5 5 3 1 4 2 3 3 3 4 2 3 4 3 2 5 1 1 1 2 5 5 5 3 4 5 4 2 2 5 4 1 1 1 2 3 1 3 3 3 2 5 4 5 2 4 4 3 1 3 2 3 1 2 1 1 1 2 5 5 5 3 1 1 4 4 4 2 1 5 4 3 1 5 3 3 5 0 4 3 3 2 4 4 2 2 
3 1 3 3 4 3 1 4 4 1 5 2 5 1 4 2 5 5 3 2 2 5 4 3 3 3 4 1 5 1 5 2 3 2 1 4 1 4 4 2 3 4 3 1 1 5 3 2 3 2 2 2 5 3 2 4 5 1 2 2 4 5 1 1 2 4 5 3 4 4 5 4 1 3 1 3 3 2 5 1 4 3 1 1 5 2 1 3 3 1 3 4 0 4 4 4 4 2 4 2 
2 1 3 1 5 3 2 4 4 1 1 2 3 3 5 4 3 2 2 3 4 4 3 4 4 3 3 2 2 2 1 4 1 3 5 1 3 1 1 2 1 1 5 5 3 3 2 3 3 2 1 4 5 5 4 5 4 3 5 4 1 4 1 5 2 1 2 2 2 1 3 3 5 5 1 3 3 2 1 2 2 1 5 5 1 1 2 5 3 2 3 3 4 0 3 1 3 1 4 5 
2 2 3 4 1 1 5 1 2 3 4 4 5 5 3 1 2 3 5 2 3 2 1 5 2 1 4 3 4 5 2 3 3 5 5 4 3 5 5 5 4 4 1 2 2 3 5 4 2 4 4 1 5 1 3 4 4 2 5 2 4 3 3 1 1 3 1 4 2 2 4 3 5 3 5 1 5 1 2 3 1 5 5 2 2 5 5 1 4 4 4 3 4 3 0 5 3 1 3 2 
3 2 3 3 4 1 3 4 5 4 3 3 5 2 5 1 4 3 4 2 5 2 1 4 3 3 1 1 1 4 5 1 3 1 5 5 3 5 4 3 4 4 4 5 2 2 3 4 3 1 1 1 1 4 2 1 5 3 5 1 2 5 1 2 4 5 1 4 4 2 2 2 4 1 5 1 2 5 5 4 2 5 2 2 2 5 5 2 2 2 2 2 4 1 5 0 2 4 3 4 
4 2 1 1 2 4 1 5 5 5 3 3 4 4 4 1 1 5 2 1 2 4 3 5 5 2 1 4 1 4 1 1 1 1 5 5 5 2 3 5 5 4 2 4 4 3 3 1 5 5 3 3 5 5 1 5 5 5 2 1 3 3 2 5 2 1 1 2 2 3 1 3 1 4 3 1 1 3 4 1 2 1 3 5 3 1 1 4 3 1 4 4 4 3 3 2 0 5 2 1 
4 5 3 3 5 1 2 5 2 2 3 1 1 4 3 5 1 2 1 5 2 4 5 1 5 5 5 2 1 2 5 4 1 4 1 2 2 2 2 2 5 4 4 2 2 4 5 4 4 4 4 1 1 4 3 3 2 2 4 2 3 4 2 3 4 1 1 5 2 4 1 2 5 3 4 4 2 3 4 3 4 1 5 2 3 4 3 5 1 3 4 4 2 1 1 4 5 0 5 4 
1 2 5 3 4 3 3 5 5 2 5 5 3 4 1 5 1 5 2 3 3 3 1 4 2 2 2 5 4 5 5 4 5 3 1 1 5 4 3 4 5 1 2 2 4 1 2 4 2 3 2 5 2 5 5 1 3 2 1 4 2 5 1 1 3 1 1 5 1 5 4 2 2 4 1 2 4 3 5 2 5 4 2 5 5 1 3 3 5 3 4 2 4 4 3 3 2 5 0 2 
4 2 1 4 3 4 4 5 5 4 3 3 2 3 3 4 2 4 4 3 4 3 5 4 4 1 2 1 2 1 5 5 1 4 3 4 2 5 2 1 3 5 5 2 4 5 3 3 1 4 4 3 4 4 4 4 2 2 4 4 2 3 3 5 4 2 2 4 2 5 4 5 4 3 1 5 2 2 1 3 2 4 2 2 5 4 5 4 1 3 5 2 2 5 2 4 1 4 2 0 
5 3 1 3 5 5 2 4 1 2 5 1 3 5 2 1 5 2 3 2 4 3 3 2 1 1 2 5 3 5 
4 4 3 4 5 2 4 5 1 4 3 2 3 4 3 4 2 1 3 3 1 1 2 4 5 5 2 2 4 5 
1 1 4 1 4 4 4 1 5 3 1 2 1 1 3 1 3 1 2 3 5 1 2 2 5 1 5 5 1 5 
3 2 4 3 4 5 2 4 4 4 4 5 1 5 5 5 2 3 2 2 5 2 3 4 5 5 2 5 3 1 
5 4 3 5 4 1 1 5 5 2 2 1 1 5 4 3 2 3 2 1 2 3 1 4 4 3 2 5 2 2 
3 5 2 5 3 5 1 5 1 3 5 5 4 5 4 1 5 2 3 3 3 1 3 5 4 1 5 1 2 5 
4 5 4 5 1 5 4 3 2 2 1 2 5 2 4 3 1 2 4 1 5 2 5 4 5 2 3 3 4 2 
3 3 4 2 3 2 3 2 2 4 1 4 3 4 4 3 2 5 5 4 5 5 1 4 1 2 4 1 5 1 
1 1 1 1 4 4 4 1 1 3 2 3 2 4 2 3 4 4 5 5 4 4 2 5 1 3 3 2 4 3 
3 2 5 2 3 3 4 1 3 4 2 5 5 5 4 2 5 5 2 3 2 5 2 2 1 4 4 1 1 3 
1 5 1 5 2 2 4 1 2 3 2 2 4 5 4 4 1 1 3 3 3 4 1 1 5 4 3 5 3 3 
1 1 3 3 5 5 2 5 4 2 5 2 4 1 1 2 1 1 3 2 3 1 3 5 2 3 2 1 1 1 
2 5 3 1 3 4 3 5 4 5 1 1 5 5 4 2 1 1 4 4 5 2 5 3 1 3 5 4 1 2 
3 1 5 5 4 1 3 2 4 3 1 2 2 2 4 3 2 4 1 2 1 4 1 1 1 5 4 5 2 3 
2 2 4 3 3 2 3 5 2 4 5 1 5 3 4 3 5 5 5 5 2 2 5 4 4 3 3 3 5 1 
3 4 1 1 3 5 5 5 2 2 2 2 2 1 4 4 1 2 4 4 1 3 4 1 2 1 1 5 5 4 
3 1 4 4 1 2 3 1 1 4 2 1 3 1 3 1 5 1 3 2 1 4 2 5 4 1 2 4 3 1 
1 4 2 5 3 4 4 1 4 4 1 3 5 2 4 5 5 5 3 5 1 4 4 4 3 2 2 4 5 5 
5 2 1 1 1 1 3 5 2 1 1 2 2 1 3 4 1 2 4 3 2 4 1 5 4 1 3 1 2 2 
4 5 3 5 4 2 4 4 2 5 5 1 5 2 1 1 3 4 3 5 4 5 2 3 2 1 4 1 3 4 
5 1 5 5 1 4 2 5 3 5 3 1 2 5 5 5 3 2 4 3 2 1 2 2 5 2 2 2 1 4 
2 3 5 5 1 2 3 1 4 4 4 3 5 5 2 5 1 1 1 2 4 2 3 1 1 1 3 5 1 5 
1 1 5 5 2 2 4 2 2 3 2 5 3 2 5 4 1 3 1 1 5 5 1 5 5 5 5 4 1 4 
4 3 3 4 4 4 3 5 3 5 1 4 4 1 2 4 5 3 3 4 3 1 1 3 5 3 1 1 1 1 
4 3 1 3 1 1 1 4 5 1 4 1 3 3 1 1 5 3 1 5 4 2 5 5 5 5 3 1 4 3 
4 5 2 2 5 5 1 1 3 2 3 3 3 2 2 1 1 3 4 4 4 2 1 4 4 4 5 1 2 3 
2 2 1 4 2 3 3 4 2 5 2 4 1 5 3 3 1 4 1 4 5 3 5 2 5 3 3 4 1 1 
3 1 5 5 5 3 2 3 3 2 3 3 5 3 2 1 3 4 5 2 5 3 1 1 1 3 2 2 1 4 
5 5 3 4 5 5 2 1 2 3 1 1 2 4 5 5 4 3 4 4 5 4 4 1 4 5 1 5 1 3 
4 2 4 2 5 3 2 1 2 5 2 4 3 1 1 2 4 5 1 1 2 3 4 1 4 4 5 5 3 3 
3 1 3 1 3 4 1 4 1 5 3 4 3 3 5 4 3 3 2 3 4 3 4 5 5 5 1 5 5 3 
3 3 5 2 3 5 4 1 5 5 5 1 5 3 2 2 1 1 3 1 2 5 5 3 4 3 1 3 3 3 
3 4 2 5 1 5 3 4 5 3 4 3 5 4 1 4 2 4 3 3 4 2 4 5 1 2 2 1 1 3 
5 2 3 1 2 5 3 1 4 3 1 4 2 5 2 3 5 1 2 1 1 5 2 5 4 5 5 2 4 4 
3 3 3 2 3 2 4 4 4 1 3 1 2 1 2 5 4 5 2 4 3 1 3 5 2 5 1 2 2 5 
4 3 2 3 4 5 2 2 3 4 1 3 5 3 1 2 3 4 3 2 3 1 3 2 3 3 1 3 3 1 
5 1 4 2 4 2 5 4 5 4 2 1 3 3 4 1 1 5 3 3 4 4 2 2 5 1 2 3 4 1 
3 3 3 5 4 4 1 1 5 3 5 3 3 5 3 4 3 2 5 2 2 1 3 4 1 4 1 2 4 2 
5 5 5 2 3 4 3 5 2 4 1 5 1 4 3 4 2 3 4 1 5 1 1 1 5 2 2 5 1 4 
1 3 1 2 4 3 4 5 3 1 5 5 5 1 2 5 1 3 3 5 4 5 1 4 5 3 1 5 3 5 
1 4 5 2 3 3 5 1 4 2 2 2 1 1 5 3 4 4 3 4 3 2 2 2 4 2 5 4 3 4 
5 4 5 4 4 3 5 1 1 2 5 2 4 5 2 2 4 3 5 2 2 1 3 5 4 3 3 3 1 3 
3 3 3 3 2 4 3 4 3 2 5 4 1 3 4 4 5 3 1 5 1 1 5 2 2 1 1 3 4 3 
1 4 1 1 1 4 2 3 2 1 2 2 1 4 5 3 3 5 3 4 1 1 2 1 2 3 1 3 4 4 
3 4 1 2 2 3 5 1 3 5 4 3 3 5 1 5 4 3 1 5 3 4 3 3 5 4 1 1 2 1 
3 5 5 5 4 4 5 4 2 4 3 3 4 2 1 4 3 1 5 3 5 4 2 3 1 5 3 2 5 1 
4 1 2 3 2 3 5 5 1 2 1 1 5 1 5 5 3 5 4 4 2 5 3 4 1 5 5 1 1 1 
4 2 4 3 2 5 1 2 4 3 4 3 2 5 3 2 2 1 5 4 1 5 5 3 1 4 3 4 4 1 
2 2 1 1 4 3 5 5 1 3 4 4 3 4 3 5 4 5 4 4 2 5 4 5 2 1 3 5 5 1 
3 5 5 5 3 1 5 1 2 3 4 4 5 5 5 4 3 4 5 1 4 3 2 2 3 1 2 3 1 2 
1 2 1 1 2 2 3 1 4 1 2 3 1 4 1 4 1 1 3 4 4 4 5 4 1 5 3 3 2 2 
1 5 2 2 2 3 2 5 3 5 2 4 3 4 1 3 3 5 3 4 1 5 3 5 4 1 1 4 2 4 
3 3 2 1 1 4 1 1 1 2 5 1 5 2 1 3 4 3 2 1 3 3 4 1 3 3 2 4 1 1 
2 1 1 2 1 4 2 1 1 5 5 3 5 5 1 4 5 4 5 2 2 2 2 1 5 3 5 5 1 1 
1 4 2 4 2 3 3 2 1 1 4 1 2 1 4 3 5 5 3 1 5 1 2 1 1 2 4 1 1 3 
3 5 4 4 4 4 2 4 5 3 5 3 1 1 1 2 2 5 2 2 4 5 5 5 1 2 3 2 3 5 
5 5 4 3 5 2 3 2 3 2 5 2 2 3 4 3 3 1 2 2 5 3 1 4 2 2 2 4 3 1 
4 2 2 4 2 4 4 3 2 5 2 5 1 3 4 2 3 3 1 2 4 2 3 4 4 5 5 2 5 1 
1 4 4 2 2 1 2 2 4 1 3 5 2 3 1 1 4 3 5 2 3 4 3 3 5 2 2 3 4 2 
2 5 3 3 1 3 5 4 2 3 4 3 3 5 5 4 4 1 3 3 1 1 5 3 4 2 4 3 5 1 
2 2 2 1 3 1 2 3 3 2 1 4 4 1 4 5 4 1 3 1 5 5 5 1 4 5 4 3 4 1 
3 2 1 2 2 4 2 5 5 2 5 2 3 3 5 3 5 1 2 2 2 3 4 2 5 5 4 3 4 5 
4 3 5 4 3 3 2 2 5 2 4 4 4 3 2 5 4 5 2 4 4 5 5 4 2 1 4 3 1 2 
5 4 3 3 5 1 5 5 5 1 5 3 2 3 4 1 4 5 4 1 2 5 1 2 2 4 2 4 2 1 
3 4 4 5 4 4 3 1 3 3 3 1 2 1 3 4 1 2 5 5 2 2 2 4 4 3 5 4 2 3 
3 2 3 4 4 4 4 4 2 4 5 4 3 2 3 4 1 4 1 4 1 1 2 2 1 3 5 4 3 4 
4 2 2 1 5 1 2 3 4 4 3 2 2 5 4 5 5 5 3 2 3 2 1 4 1 3 3 4 1 5 
4 3 1 2 2 1 4 1 3 1 3 4 3 1 2 3 5 1 3 1 1 3 3 1 2 1 4 3 4 4 
1 5 1 2 4 2 5 4 2 4 5 3 1 5 2 1 5 3 2 2 2 3 5 1 2 1 3 4 3 1 
4 4 5 1 1 2 2 1 4 1 1 1 3 1 5 3 4 2 3 5 3 1 1 1 3 5 3 5 2 4 
2 5 5 1 1 1 3 5 5 3 5 4 1 2 2 1 2 2 3 3 5 4 4 4 3 3 5 4 2 3 
5 3 4 3 1 4 1 2 3 1 3 4 2 2 2 4 5 3 5 1 5 3 5 5 5 1 3 1 2 5 
3 3 1 3 3 5 1 5 1 4 4 3 2 3 3 1 1 3 3 4 2 4 2 2 3 4 5 5 5 2 
3 2 3 3 5 4 2 2 2 1 3 2 3 3 5 3 1 4 4 1 2 1 4 3 5 5 5 3 2 5 
5 1 3 5 4 4 3 3 5 2 5 1 3 2 1 5 2 2 3 1 3 2 3 2 3 1 4 5 1 3 
2 5 5 3 3 5 5 1 5 1 5 5 1 5 5 3 4 2 5 3 1 1 3 3 5 5 4 3 2 5 
3 2 4 4 4 5 2 5 2 5 2 1 1 2 4 5 1 4 3 5 1 3 1 3 4 3 1 2 5 3 
1 5 3 4 3 3 2 4 3 5 5 1 2 5 5 2 5 4 5 2 3 1 5 2 3 4 5 5 4 5 
1 3 1 4 2 5 3 3 5 5 5 3 2 3 3 1 5 5 4 2 4 3 4 3 5 4 5 2 2 5 
5 5 2 2 4 4 3 1 1 1 5 4 3 1 1 3 2 2 1 2 5 2 2 3 4 4 2 3 1 2 
1 4 4 5 4 2 2 5 5 5 3 4 2 3 1 4 3 1 2 5 1 4 1 1 5 2 5 3 3 2 
5 2 4 1 1 3 1 4 4 5 4 1 1 2 4 1 3 3 4 1 5 2 5 2 1 1 5 3 3 5 
4 5 3 3 5 5 3 3 3 1 1 3 3 2 4 1 1 5 3 5 3 3 3 4 3 1 2 1 1 1 
3 1 4 1 5 1 2 2 4 1 1 4 5 3 1 3 2 4 2 2 2 2 2 5 1 5 1 4 1 2 
1 3 1 1 1 3 5 4 5 1 5 4 4 2 2 4 2 1 3 3 3 4 1 2 4 4 4 2 2 1 
2 1 3 2 3 5 1 4 2 3 3 2 1 2 3 4 5 4 3 4 4 2 4 3 4 4 1 1 3 2 
5 5 1 5 4 5 1 3 1 1 4 3 4 2 4 5 5 5 5 4 5 3 5 5 1 4 2 5 2 2 
5 3 3 4 2 2 4 4 5 5 5 2 5 2 2 5 5 3 2 3 4 1 2 5 1 3 4 3 1 1 
3 4 5 4 2 1 5 5 2 1 1 1 2 2 5 3 2 1 2 4 2 3 2 1 2 1 3 5 4 4 
5 2 1 5 1 2 5 1 3 3 4 5 2 2 4 4 5 1 3 2 4 2 2 5 3 2 3 3 5 2 
5 3 1 3 5 4 5 1 1 2 1 1 1 1 1 1 3 4 3 1 3 2 4 5 2 1 3 2 4 2 
3 2 4 3 1 1 3 1 2 1 1 5 2 5 2 4 3 3 2 2 1 4 5 5 4 2 5 1 4 1 
4 2 3 4 2 1 3 1 3 1 2 5 1 3 5 4 3 5 2 1 3 4 3 4 5 4 4 4 3 2 
4 3 3 4 4 2 3 5 3 1 2 2 2 1 4 2 3 3 4 4 3 4 3 5 2 4 5 2 4 2 
1 5 4 4 4 2 4 4 5 5 3 1 5 5 4 4 3 1 2 5 2 4 5 5 2 2 1 3 3 2 
3 4 3 2 4 3 5 3 5 2 2 4 1 4 5 1 1 4 5 4 4 3 3 3 2 1 3 5 2 1 
5 4 3 2 5 4 3 1 2 2 2 2 1 1 5 2 3 5 4 5 5 4 5 1 1 2 3 1 3 4 
4 1 5 4 5 1 4 4 2 4 4 4 3 5 3 5 5 1 5 1 3 1 2 3 4 3 1 2 3 1 
4 5 3 1 2 5 4 5 5 2 5 2 3 3 3 2 2 1 3 3 2 5 3 2 2 3 4 5 3 5 
1 4 1 2 1 2 1 1 5 4 3 4 1 4 4 4 3 4 1 5 5 3 5 2 3 2 3 2 1 3 
11 9 10 28 9 24 11 30 7 21 9 15 5 27 23 30 15 13 12 3 21 29 1 24 8 15 3 27 20 8 9 30 12 22 30 9 10 15 7 20 1 22 20 18 19 14 16 10 19 16 12 18 13 13 17 22 3 21 30 24 30 3 15 26 25 14 14 7 1 11 8 9 3 6 1 22 18 2 14 9 10 17 20 25 23 20 6 25 20 16 9 9 14 16 26 30 30 1 11 29 

Output : 100 iterations
100
10 7 7 9 3 10 2 5 1 5 1 4 9 6 10 6 4 3 3 9 7 6 5 10 3 1 6 8 10 4 1 1 7 3 4 7 1 2 3 4 2 7 8 1 1 2 4 6 8 8 10 5 6 7 2 10 5 9 2 7 7 10 6 4 3 1 3 7 6 3 7 3 6 9 10 1 4 2 10 6 5 10 3 7 10 3 2 4 5 8 5 1 1 2 6 4 5 5 4 6
30
1 3 2 4 5 6 8 9 10 2 7 1 4 6 3 3 3 3 7 6 10 6 6 4 1 1 10 7 1 10
2972