50 15 5
1 12 1 5 1 1
0 5 2 3 2 2 3 4 2 1 4 2 2 4 5 4 1 2 3 5 2 5 2 2 3 3 5 5 5 2 4 4 2 1 5 3 3 1 2 2 4 2 5 3 3 3 4 5 2 4 
5 0 1 1 3 3 2 5 2 3 5 2 5 1 3 3 4 3 1 3 4 3 1 2 1 4 4 5 5 3 2 5 4 3 2 5 1 4 1 2 1 2 3 3 3 3 3 5 4 2 
2 1 0 4 2 5 1 4 5 2 2 5 4 1 1 4 1 2 4 1 3 3 5 4 1 1 4 2 1 4 1 4 5 3 4 2 2 4 5 4 2 3 5 2 1 1 4 2 1 2 
3 1 4 0 5 4 4 4 3 1 4 2 4 4 2 2 5 3 5 3 5 4 4 3 3 5 3 5 2 5 3 5 3 5 1 4 2 3 4 2 5 1 5 4 3 1 3 3 2 4 
2 3 2 5 0 1 3 3 1 2 2 2 5 4 3 1 3 5 3 1 5 2 4 2 5 2 5 2 2 4 5 2 5 5 4 2 2 2 3 3 2 3 1 1 1 2 5 3 4 5 
2 3 5 4 1 0 2 1 5 2 1 3 5 3 3 1 4 1 5 5 4 1 1 1 1 5 3 4 2 2 2 3 2 1 1 1 2 5 5 4 5 1 5 2 4 3 3 1 3 3 
3 2 1 4 3 2 0 1 5 3 4 4 3 5 1 4 4 5 5 5 2 3 1 4 1 3 2 5 1 4 1 4 2 1 3 3 3 4 4 5 3 1 3 1 5 4 1 5 3 5 
4 5 4 4 3 1 1 0 2 4 5 5 5 4 5 1 3 5 4 5 1 4 3 3 5 1 2 4 5 4 5 1 1 4 5 5 4 3 2 2 3 5 2 3 5 3 1 3 3 4 
2 2 5 3 1 5 5 2 0 3 3 5 5 3 5 2 3 1 2 4 3 1 1 2 4 3 1 3 4 5 2 3 1 2 2 3 5 3 3 2 2 4 2 5 4 4 4 2 3 3 
1 3 2 1 2 2 3 4 3 0 2 3 3 4 3 3 2 3 2 5 5 4 5 4 1 3 5 2 3 3 1 1 2 4 4 4 3 5 4 2 4 4 1 2 4 1 5 2 1 5 
4 5 2 4 2 1 4 5 3 2 0 4 3 4 1 2 5 4 2 1 5 2 5 1 5 5 5 5 1 1 5 4 5 2 1 5 2 3 3 4 5 4 1 4 5 5 2 4 4 1 
2 2 5 2 2 3 4 5 5 3 4 0 3 3 4 1 5 2 4 2 2 1 1 4 1 4 3 1 1 3 1 3 2 1 1 4 2 1 3 4 4 3 4 5 3 3 4 5 2 4 
2 5 4 4 5 5 3 5 5 3 3 3 0 1 1 5 5 2 2 4 4 5 5 3 5 2 4 1 1 2 5 5 5 4 1 4 5 2 5 5 4 3 1 2 4 2 3 2 3 5 
4 1 1 4 4 3 5 4 3 4 4 3 1 0 2 5 3 3 3 4 4 1 1 1 3 2 2 5 2 1 1 2 5 1 2 1 5 2 5 2 1 3 2 2 3 2 4 1 3 2 
5 3 1 2 3 3 1 5 5 3 1 4 1 2 0 3 2 3 1 4 2 4 4 3 2 2 5 2 5 2 3 5 5 4 3 2 5 3 5 5 4 3 5 3 2 3 3 5 4 5 
4 3 4 2 1 1 4 1 2 3 2 1 5 5 3 0 5 4 5 3 3 2 3 3 5 3 5 3 5 1 2 4 1 4 5 4 5 3 5 2 5 2 5 2 3 3 2 2 3 2 
1 4 1 5 3 4 4 3 3 2 5 5 5 3 2 5 0 4 1 4 5 3 4 4 1 2 4 5 4 2 3 4 4 5 1 5 5 4 4 2 5 3 3 1 1 4 2 3 3 3 
2 3 2 3 5 1 5 5 1 3 4 2 2 3 3 4 4 0 4 3 4 1 2 2 5 1 5 1 3 3 4 1 1 1 2 2 3 5 3 1 3 5 3 1 1 5 3 2 5 1 
3 1 4 5 3 5 5 4 2 2 2 4 2 3 1 5 1 4 0 3 2 1 3 1 2 1 2 3 3 5 3 3 5 5 3 2 2 3 1 2 3 5 1 2 4 5 3 5 3 2 
5 3 1 3 1 5 5 5 4 5 1 2 4 4 4 3 4 3 3 0 4 4 2 3 4 4 2 2 4 3 2 2 5 1 3 2 3 1 1 2 3 3 3 2 1 3 5 5 3 4 
2 4 3 5 5 4 2 1 3 5 5 2 4 4 2 3 5 4 2 4 0 5 3 5 4 2 4 4 1 3 3 3 3 2 4 2 4 2 2 1 4 4 2 1 3 3 5 3 1 3 
5 3 3 4 2 1 3 4 1 4 2 1 5 1 4 2 3 1 1 4 5 0 1 2 5 1 5 4 3 5 1 1 4 1 1 1 1 4 1 1 2 1 2 2 5 3 3 2 3 4 
2 1 5 4 4 1 1 3 1 5 5 1 5 1 4 3 4 2 3 2 3 1 0 2 2 5 4 4 2 5 1 5 2 5 1 5 3 3 1 4 2 3 1 4 5 1 1 1 3 5 
2 2 4 3 2 1 4 3 2 4 1 4 3 1 3 3 4 2 1 3 5 2 2 0 3 5 3 4 5 4 4 1 4 5 2 3 5 1 4 2 5 1 2 2 2 5 5 4 3 2 
3 1 1 3 5 1 1 5 4 1 5 1 5 3 2 5 1 5 2 4 4 5 2 3 0 1 2 2 2 5 1 5 4 3 3 4 2 1 5 1 3 2 1 5 5 2 2 1 5 5 
3 4 1 5 2 5 3 1 3 3 5 4 2 2 2 3 2 1 1 4 2 1 5 5 1 0 3 1 2 1 1 1 2 3 4 1 5 3 4 3 1 1 3 1 4 4 2 5 3 1 
5 4 4 3 5 3 2 2 1 5 5 3 4 2 5 5 4 5 2 2 4 5 4 3 2 3 0 3 2 5 2 2 5 3 2 5 5 5 3 3 2 1 3 5 4 2 5 1 5 4 
5 5 2 5 2 4 5 4 3 2 5 1 1 5 2 3 5 1 3 2 4 4 4 4 2 1 3 0 1 2 4 5 1 1 5 2 1 5 5 4 4 5 2 3 4 4 2 1 3 5 
5 5 1 2 2 2 1 5 4 3 1 1 1 2 5 5 4 3 3 4 1 3 2 5 2 2 2 1 0 2 3 1 3 4 2 3 4 1 5 4 1 2 1 2 2 3 5 4 3 2 
2 3 4 5 4 2 4 4 5 3 1 3 2 1 2 1 2 3 5 3 3 5 5 4 5 1 5 2 2 0 4 1 1 4 3 3 1 1 5 5 2 1 3 5 4 2 5 2 3 3 
4 2 1 3 5 2 1 5 2 1 5 1 5 1 3 2 3 4 3 2 3 1 1 4 1 1 2 4 3 4 0 2 2 2 5 4 2 3 1 4 1 1 2 4 3 4 2 2 1 2 
4 5 4 5 2 3 4 1 3 1 4 3 5 2 5 4 4 1 3 2 3 1 5 1 5 1 2 5 1 1 2 0 1 2 2 4 1 4 2 2 1 3 5 5 2 1 2 5 1 3 
2 4 5 3 5 2 2 1 1 2 5 2 5 5 5 1 4 1 5 5 3 4 2 4 4 2 5 1 3 1 2 1 0 5 2 5 3 2 5 2 5 3 1 3 5 2 5 4 2 4 
1 3 3 5 5 1 1 4 2 4 2 1 4 1 4 4 5 1 5 1 2 1 5 5 3 3 3 1 4 4 2 2 5 0 5 5 1 5 5 5 1 5 1 1 5 2 5 2 2 2 
5 2 4 1 4 1 3 5 2 4 1 1 1 2 3 5 1 2 3 3 4 1 1 2 3 4 2 5 2 3 5 2 2 5 0 5 2 5 4 5 3 1 1 4 5 1 3 1 5 2 
3 5 2 4 2 1 3 5 3 4 5 4 4 1 2 4 5 2 2 2 2 1 5 3 4 1 5 2 3 3 4 4 5 5 5 0 1 4 3 2 2 2 5 5 1 5 2 4 1 2 
3 1 2 2 2 2 3 4 5 3 2 2 5 5 5 5 5 3 2 3 4 1 3 5 2 5 5 1 4 1 2 1 3 1 2 1 0 1 2 2 4 4 1 2 3 3 1 1 3 2 
1 4 4 3 2 5 4 3 3 5 3 1 2 2 3 3 4 5 3 1 2 4 3 1 1 3 5 5 1 1 3 4 2 5 5 4 1 0 1 4 4 5 5 3 1 3 2 4 5 4 
2 1 5 4 3 5 4 2 3 4 3 3 5 5 5 5 4 3 1 1 2 1 1 4 5 4 3 5 5 5 1 2 5 5 4 3 2 1 0 4 1 1 5 5 3 2 3 5 1 4 
2 2 4 2 3 4 5 2 2 2 4 4 5 2 5 2 2 1 2 2 1 1 4 2 1 3 3 4 4 5 4 2 2 5 5 2 2 4 4 0 3 3 3 1 3 5 5 1 3 1 
4 1 2 5 2 5 3 3 2 4 5 4 4 1 4 5 5 3 3 3 4 2 2 5 3 1 2 4 1 2 1 1 5 1 3 2 4 4 1 3 0 3 4 3 3 4 1 4 5 3 
2 2 3 1 3 1 1 5 4 4 4 3 3 3 3 2 3 5 5 3 4 1 3 1 2 1 1 5 2 1 1 3 3 5 1 2 4 5 1 3 3 0 3 2 1 4 4 2 2 5 
5 3 5 5 1 5 3 2 2 1 1 4 1 2 5 5 3 3 1 3 2 2 1 2 1 3 3 2 1 3 2 5 1 1 1 5 1 5 5 3 4 3 0 2 1 1 2 5 1 4 
3 3 2 4 1 2 1 3 5 2 4 5 2 2 3 2 1 1 2 2 1 2 4 2 5 1 5 3 2 5 4 5 3 1 4 5 2 3 5 1 3 2 2 0 2 4 5 5 3 4 
3 3 1 3 1 4 5 5 4 4 5 3 4 3 2 3 1 1 4 1 3 5 5 2 5 4 4 4 2 4 3 2 5 5 5 1 3 1 3 3 3 1 1 2 0 4 5 5 4 1 
3 3 1 1 2 3 4 3 4 1 5 3 2 2 3 3 4 5 5 3 3 3 1 5 2 4 2 4 3 2 4 1 2 2 1 5 3 3 2 5 4 4 1 4 4 0 1 1 5 3 
4 3 4 3 5 3 1 1 4 5 2 4 3 4 3 2 2 3 3 5 5 3 1 5 2 2 5 2 5 5 2 2 5 5 3 2 1 2 3 5 1 4 2 5 5 1 0 5 3 3 
5 5 2 3 3 1 5 3 2 2 4 5 2 1 5 2 3 2 5 5 3 2 1 4 1 5 1 1 4 2 2 5 4 2 1 4 1 4 5 1 4 2 5 5 5 1 5 0 2 2 
2 4 1 2 4 3 3 3 3 1 4 2 3 3 4 3 3 5 3 3 1 3 3 3 5 3 5 3 3 3 1 1 2 2 5 1 3 5 1 3 5 2 1 3 4 5 3 2 0 5 
4 2 2 4 5 3 5 4 3 5 1 4 5 2 5 2 3 1 2 4 3 4 5 2 5 1 4 5 2 3 2 3 4 2 2 2 2 4 4 1 3 5 4 4 1 3 3 2 5 0 
3 1 4 4 3 2 2 4 1 5 4 3 1 5 2 
5 4 4 3 2 2 1 1 1 1 4 4 4 4 3 
1 5 1 5 3 4 4 1 4 3 3 4 3 3 4 
1 2 4 3 3 2 4 3 2 5 4 2 1 2 4 
5 1 4 3 5 5 4 3 1 3 1 5 4 5 5 
5 2 4 4 3 5 1 1 4 5 3 2 4 3 3 
4 3 1 4 4 4 3 1 3 1 2 2 3 4 4 
5 2 5 1 3 5 3 1 2 2 2 2 1 3 3 
2 2 3 5 1 4 3 5 5 2 2 2 2 3 2 
2 3 4 5 1 3 4 3 5 4 3 4 3 2 4 
3 2 3 2 5 1 2 3 4 2 5 3 2 5 2 
4 5 3 5 2 2 3 2 3 4 5 1 2 1 4 
5 4 3 5 2 4 4 1 4 4 3 3 3 2 3 
3 2 5 2 1 5 3 3 1 4 1 4 3 4 1 
4 5 2 2 2 1 2 5 4 5 1 4 3 2 2 
3 1 5 4 4 4 3 5 5 4 3 2 3 4 1 
2 3 1 5 3 1 4 4 4 2 2 4 4 3 5 
5 4 3 4 4 2 5 5 5 1 1 4 5 1 2 
3 2 5 1 3 1 5 2 2 3 5 2 2 5 3 
1 2 4 1 4 2 4 1 3 1 4 4 2 1 1 
5 2 2 1 1 4 3 4 5 1 5 5 5 1 3 
1 2 5 3 1 5 2 3 1 4 4 3 1 2 1 
1 3 5 4 3 4 3 2 2 2 1 4 5 2 2 
3 5 3 2 3 4 5 3 2 5 5 5 3 5 4 
1 3 2 3 1 2 3 1 1 3 1 5 2 3 3 
4 4 3 2 4 4 3 1 3 4 5 3 3 4 5 
1 5 3 5 3 3 3 3 4 5 4 1 2 2 2 
4 1 5 1 4 5 4 2 1 1 1 1 1 4 2 
5 4 2 2 5 2 1 3 1 3 4 2 3 1 1 
4 5 4 1 3 2 3 4 1 4 3 5 2 3 3 
5 3 4 2 3 2 3 2 5 5 5 5 3 3 2 
3 3 5 2 3 3 5 1 4 3 4 5 2 5 4 
3 4 2 3 4 1 2 2 5 2 3 1 2 4 4 
1 3 3 1 4 1 2 1 4 2 3 3 5 3 1 
1 1 4 4 5 4 2 3 4 2 2 1 5 2 4 
2 5 3 3 1 3 4 5 2 4 5 3 5 4 3 
4 5 1 2 4 4 2 3 3 5 5 4 4 5 3 
5 1 1 2 1 4 3 1 4 2 3 1 5 4 2 
5 1 4 2 2 5 1 4 3 4 1 1 2 1 5 
3 4 1 2 3 3 5 4 1 1 3 5 3 2 4 
4 5 5 5 2 5 1 5 3 5 4 5 1 1 1 
3 2 3 1 2 3 5 5 5 3 2 1 2 1 2 
4 4 2 5 4 5 3 1 5 1 4 1 5 2 5 
1 1 5 5 3 4 2 5 5 3 3 5 2 5 1 
5 1 5 4 5 5 4 1 2 3 3 5 5 1 1 
5 1 3 5 3 4 2 3 5 1 3 4 2 1 3 
2 2 1 1 2 3 1 2 2 5 1 1 2 2 2 
4 2 5 5 4 3 2 2 2 1 5 1 5 5 4 
4 5 5 3 5 2 5 5 4 4 3 4 3 5 4 
2 5 5 5 3 5 2 3 1 2 4 3 5 5 1 
11 15 6 11 1 2 9 11 7 14 1 15 5 4 15 4 14 9 10 15 15 4 2 7 5 7 12 2 14 4 9 6 5 11 10 1 5 2 7 6 13 10 4 1 10 12 3 5 2 1 

Output : 100 iterations
50
4 5 2 2 4 1 2 5 2 5 5 2 1 2 4 2 2 4 2 4 5 4 5 5 1 2 1 1 1 5 2 4 2 3 3 5 4 5 1 5 4 5 4 1 4 3 1 3 4 3
15
2 3 4 1 5 1 4 4 5 1 1 4 5 4 1
1421